0 0.2765625 0.76015625 0.44921875 0.15546875
0 0.37421875 0.61328125 0.33671875 0.1203125
0 0.42578125 0.4765625 0.35625 0.109375
0 0.42578125 0.37265625 0.2953125 0.0875
0 0.4671875 0.32109375 0.22109375 0.0515625
0 0.48203125 0.27109375 0.23203125 0.06328125
0 0.5125 0.22578125 0.209375 0.0625
0 0.53671875 0.18515625 0.15 0.04765625
0 0.56796875 0.1609375 0.16015625 0.0453125
0 0.5921875 0.128125 0.16015625 0.03984375
0 0.5828125 0.10703125 0.1640625 0.03203125
0 0.59453125 0.09296875 0.15625 0.03046875
0 0.6 0.0734375 0.13671875 0.0375
0 0.60703125 0.05234375 0.11953125 0.0171875