0 0.7623083925120995 0.8507639911839615 0.47538321497580116 0.18550105661557267
0 0.6616804477883773 0.6878150686812903 0.3663840449831479 0.14323665634542024
0 0.6053481136758136 0.5374405572485449 0.3874096172900508 0.13225451632688667
0 0.6046936078220811 0.42494055724854485 0.3208670119038567 0.1064980589778255
0 0.559835104895215 0.3671354917321155 0.2409477077473266 0.06387156015895172
0 0.5431106923274284 0.31187507285764154 0.2527437257995032 0.0775620379264332
0 0.5092351411959601 0.2622644532575282 0.22773918061996348 0.07590776868913948
0 0.4831948159621911 0.216832902169069 0.16358123184962742 0.05726440689357446
0 0.4486698250373774 0.1898512507177902 0.17450509631100797 0.05530260280989041
0 0.421902791958086 0.15376741777816566 0.1744732800542293 0.04983385280989046
0 0.43192268657189176 0.13068458184331622 0.17754828307929138 0.04134923021455217
0 0.4193363281606354 0.11540432222466937 0.1697221475406721 0.03873266170289784
0 0.41374031313352067 0.09333834926651137 0.14867384933607006 0.04580855172143128
0 0.40579600292686624 0.07040928075485708 0.12979658430895533 0.023278787293461046