0 0.7512144736735341 0.20802385319429245 0.4710890529821361 0.17450853582687031
0 0.6540619920159342 0.3625415201247667 0.35283314647650316 0.13437997783016922
0 0.6050742257185983 0.5062747997499379 0.3728273977301445 0.124033511216264
0 0.6082112490755632 0.6140872997499379 0.30888691818411546 0.09953596489804539
0 0.5668110107540457 0.6692438126820616 0.23123327962517112 0.05980822367353404
0 0.5534675762725941 0.7212382216949771 0.24333847453146404 0.07343045447320425
0 0.5220189994712745 0.7690679679340533 0.21907426042484132 0.07116326082055266
0 0.499027780350087 0.8119601615867049 0.15690086935861453 0.05374242860895677
0 0.46694270605604987 0.8379149078257813 0.16777017319868043 0.05171692735531543
0 0.4429201843484375 0.8722360835317442 0.16761104882550093 0.04624817735531579
0 0.45295441389446633 0.8946195488920081 0.1705087282923877 0.03852660556856087
0 0.4416448408540705 0.9090230296916783 0.16262803213245364 0.03595553503544764
0 0.4359858742401654 0.9295173861181688 0.14254285266556704 0.04317700164935232
0 0.42961385378619427 0.9523782245979711 0.12474158722616088 0.021583146476503147