0 0.21796875 0.35546875 0.0875 0.10234375
0 0.053125 0.58203125 0.10625 0.1859375
0 0.05078125 0.90703125 0.1015625 0.184375
0 0.15859375 0.60859375 0.19921875 0.175
0 0.32890625 0.69765625 0.134375 0.15234375
0 0.28984375 0.534375 0.06796875 0.13359375
0 0.33125 0.24375 0.07890625 0.10390625
0 0.34765625 0.41484375 0.07421875 0.10390625
0 0.29453125 0.14375 0.07109375 0.08984375
0 0.4 0.24296875 0.04921875 0.075
0 0.40625 0.07734375 0.028125 0.08671875
0 0.478125 0.078125 0.04375 0.0484375
0 0.575 0.75625 0.12890625 0.1765625
0 0.4953125 0.65703125 0.0578125 0.15859375
0 0.3984375 0.46875 0.11328125 0.13515625
0 0.43984375 0.43125 0.0859375 0.11015625
0 0.5328125 0.39375 0.05859375 0.10234375
0 0.53046875 0.50234375 0.0453125 0.16875
0 0.4828125 0.5515625 0.1078125 0.10078125
0 0.609375 0.6421875 0.0828125 0.1390625
0 0.78203125 0.8609375 0.13984375 0.15859375
0 0.95 0.9265625 0.09140625 0.14609375
0 0.759375 0.5375 0.11171875 0.1234375
0 0.6375 0.57109375 0.046875 0.1
0 0.69375 0.61875 0.0953125 0.1578125
0 0.76171875 0.74375 0.1078125 0.11015625
0 0.75 0.25078125 0.05625 0.13046875
0 0.34453125 0.021875 0.0359375 0.04375
0 0.38203125 0.03046875 0.0328125 0.05625