0 0.7845288082314574 0.03918260125493025 0.11280761646291496 0.0783652025098605
0 0.6401580105154496 0.05713901982900149 0.09014472241038014 0.11427803965800298
0 0.9803616357126771 0.8182225638327768 0.039276728574645856 0.3197143943766669
0 0.9579950429663094 0.6233646587225339 0.08400991406738108 0.14640483415618064
0 0.9609283433679654 0.4373907911313534 0.07814331326406929 0.2058337323325695
0 0.7647706654221181 0.30916060762010356 0.11345606965141819 0.13997299620027787
0 0.7299839868825586 0.49613458396874943 0.17283879296630963 0.2903918767092362
0 0.6633995952048731 0.37487848622920084 0.09338923111680746 0.14418771751493065
0 0.5830603199901023 0.349371299583819 0.10197633706427282 0.1740388716752431
0 0.517645602668105 0.14595666527513845 0.10457571460846396 0.13430422444878481
0 0.5337419934412793 0.24413959213687458 0.08516729534115867 0.13619337955902786
0 0.481596317276569 0.27898802403260375 0.11661869120271576 0.15565254758704866
0 0.4748250961093842 0.4035158985576385 0.17104391960598964 0.22636574430041687
0 0.4952714721832375 0.5399255240326039 0.1094612884437538 0.16797070963114608
0 0.4294583644267499 0.4632370438842358 0.06416207654882307 0.10761378466927099
0 0.3800891282215598 0.4018098878240622 0.0690410063315781 0.17093140226045148
0 0.5099325949777305 0.8047510902370135 0.14872958559393473 0.35147419386357653
0 0.38626164235505406 0.564364439210833 0.15449050542706697 0.14873105357097244
0 0.33103963308279993 0.7494674442448261 0.11937960029325571 0.3125565110179167
0 0.1270249197175313 0.871546385258611 0.17560194482076033 0.253782229482778
0 0.2872443724558087 0.0368070561364235 0.05261374491161739 0.073614112272847
0 0.1789748490500603 0.058978359327742994 0.05478375452255575 0.11795671865548599
0 0.04037709577069998 0.18835333197197915 0.06879866689245617 0.1514183360560417