0 0.05625 0.88671875 0.065625 0.1171875
0 0.3359375 0.9640625 0.08984375 0.07109375
0 0.525 0.86875 0.0703125 0.084375
0 0.590625 0.8046875 0.0328125 0.09453125
0 0.6796875 0.78828125 0.04921875 0.05078125
0 0.7640625 0.884375 0.05625 0.06875
0 0.86953125 0.59140625 0.0296875 0.04765625
0 0.971875 0.5515625 0.0296875 0.04765625
0 0.909375 0.51328125 0.03671875 0.03984375
0 0.89765625 0.48671875 0.034375 0.04609375
0 0.871875 0.44609375 0.0453125 0.04453125
0 0.83203125 0.3984375 0.02890625 0.0328125
0 0.8078125 0.4484375 0.02890625 0.0328125
0 0.346875 0.5796875 0.03359375 0.08203125
0 0.3671875 0.590625 0.01953125 0.04453125
0 0.34609375 0.49765625 0.03359375 0.05390625
0 0.353125 0.33828125 0.0359375 0.03515625
0 0.40625 0.334375 0.0296875 0.0296875
0 0.3875 0.325 0.0296875 0.02109375
0 0.49609375 0.30546875 0.02421875 0.03125
0 0.55078125 0.30390625 0.0234375 0.03515625
0 0.98671875 0.87578125 0.02578125 0.15546875