0 0.7553847043201571 0.377395141429966 0.09865990728151779 0.1107576216752431
0 0.9146490824301754 0.6220205764598272 0.11813028154634893 0.19938436379145835
0 0.9008643848958815 0.9338931824644101 0.10950555404758582 0.13221363507117978
0 0.8045404200602748 0.6483992788727784 0.22068207146044044 0.19084712480937505
0 0.6183771907524898 0.7379306382958338 0.15140312697836436 0.16426513459302114
0 0.6696132213943273 0.566256313257709 0.08006703753924249 0.1430973429898959
0 0.6412546845324533 0.256626086909063 0.08936679443664737 0.11210191612815983
0 0.6145682745374021 0.4374760434060769 0.08389804443664754 0.11197462955902786
0 0.6858855110812765 0.15128527668857697 0.08077636646291494 0.09707632817225705
0 0.5686393781100183 0.2541537439191671 0.055738744911617386 0.08088763050895835
0 0.5716426266396801 0.07744577355444493 0.03451884215265544 0.09287848423243057
0 0.4950391830621153 0.07644501158659764 0.049577276119281775 0.05265352773541672
0 0.35416420454729974 0.7943572505686809 0.14654520861557022 0.19068216422829867
0 0.44406658751855793 0.6908523504924309 0.06974036917644835 0.16938708605604164
0 0.5576731433751662 0.4932526115103477 0.1278461182719372 0.14655030452090295
0 0.5160112658309749 0.45239056895729207 0.09754778663473136 0.11931500408406244
0 0.41888063828678346 0.41023747691732676 0.06740990728151779 0.11003026985163196
0 0.41520568238474675 0.5251357783040976 0.05781357926235664 0.18003364532659738
0 0.4632437126879001 0.5786614750174657 0.12041207654882306 0.10892301795177098
0 0.3245729590698555 0.672427045971528 0.09519739258219673 0.14891158510611113
0 0.1288189665330873 0.9001851040078126 0.15724036917644835 0.17142367116215312
0 0.0001713120487592502 0.9439453125 0.0003426240975185004 0.112109375
0 0.1710119470840678 0.5577800516711113 0.12484727103089917 0.13399575313413195
0 0.2980347925160835 0.5967178779435072 0.055568326548823065 0.10741376291777768
0 0.23603940355193148 0.645335909478646 0.10958411917644835 0.17031445963114605
0 0.15724493894346744 0.7756942502843405 0.12020403663473136 0.11984233415618065
0 0.19635494233436945 0.2533107572181946 0.06662201322898302 0.13966321846486113
0 0.6390658220262674 0.029736278588438036 0.0390149123699004 0.029779072188333366
0 0.5988126362506186 0.036621405013333844 0.03670878392119796 0.04533133700597225