0 0.4849428137741253 0.8526519610315713 0.23012899253676816 0.24472648400322292
0 0.6786219719601542 0.7089643322617853 0.1419473190855914 0.345516168302912
0 0.5468264173467414 0.6675720347655643 0.08396664348670786 0.17546200256024883
0 0.40338403380965626 0.58090503462439 0.1219247461548127 0.33500360253201383
0 0.5073522388071818 0.48450120050822765 0.09313028154634875 0.20169827886860786
0 0.6285787856186786 0.5194992848361515 0.14342685266810484 0.16568445513461505
0 0.6173624038906158 0.3768413479762137 0.06036869120271575 0.156173676266007
0 0.5690986442796773 0.42093225319553323 0.057124182496288436 0.1388496683734992
0 0.017175375396484747 0.8113246368740553 0.034350750792969495 0.3773507262518894
0 0.14603403776638516 0.2750014580477996 0.1079297659425165 0.2165798262236546
0 0.038627360640378014 0.4404283079489775 0.07725472128075603 0.2176950051910847
0 0.040739297971035884 0.6389568132106493 0.08147859594207177 0.1666176235787013
0 0.23933698043943888 0.2929331397166527 0.11739994120271566 0.1594953683170294
0 0.3366822919502567 0.3674865477079825 0.058730948100120625 0.124923676266007
0 0.4082020878572422 0.42952454514773375 0.11292380314307486 0.13353210779368574
0 0.425939543759279 0.3139982556851949 0.10831154624566981 0.16441808674699834
0 0.4826343583223145 0.09417160309671124 0.12155517469437224 0.14961213410204496
0 0.47784395974722393 0.18557785309671124 0.085337713703953 0.1124537683452643
0 0.5154800785849881 0.24024296629324318 0.10271996551297527 0.16175581833114688
0 0.20580626469932106 0.033820065859132074 0.126627777023793 0.06764013171826415
0 0.38791940185445084 0.026708171216096605 0.09603619629109836 0.05341634243219321
0 0.9662790179786814 0.10961896671676619 0.05581066598794493 0.12864791574266327
0 0.8472567803031534 0.028318360918631845 0.05548643939369313 0.05663672183726369