0 0.23359375 0.05546875 0.1046875 0.11015625
0 0.37578125 0.08125 0.08125 0.121875
0 0.04765625 0.83828125 0.09453125 0.3140625
0 0.06640625 0.64609375 0.1328125 0.13984375
0 0.07578125 0.465625 0.08046875 0.19921875
0 0.26796875 0.3359375 0.10390625 0.13359375
0 0.3109375 0.5171875 0.15390625 0.27890625
0 0.36953125 0.396875 0.08359375 0.1390625
0 0.44609375 0.37109375 0.090625 0.1671875
0 0.49921875 0.17109375 0.0953125 0.12890625
0 0.4890625 0.2671875 0.07578125 0.13046875
0 0.54140625 0.3 0.10546875 0.14921875
0 0.5546875 0.42109375 0.1546875 0.2171875
0 0.54140625 0.55390625 0.0984375 0.16171875
0 0.6015625 0.478125 0.05703125 0.10390625
0 0.646875 0.4171875 0.05859375 0.165625
0 0.540625 0.8125 0.12734375 0.3390625
0 0.64921875 0.57578125 0.14296875 0.1421875
0 0.71171875 0.75390625 0.10078125 0.30234375
0 0.91875 0.86875 0.16171875 0.24375
0 0.71875 0.04765625 0.04609375 0.0953125
0 0.82421875 0.07265625 0.046875 0.12578125
0 0.96796875 0.20234375 0.0609375 0.146875