0 0.2613616865132554 0.9502967930991059 0.11964687406898662 0.09940641380178832
0 0.41592075392443223 0.9348732845739585 0.09528472890755069 0.130253430852083
0 0.03828986621110374 0.1351205356192014 0.07657973242220747 0.2702410712384028
0 0.0674615975998539 0.3090489981001389 0.11341829879992696 0.15637924620027785
0 0.06736536000585072 0.5080495425530556 0.09768844499482003 0.22078658510611113
0 0.28414409925248374 0.6551284835668405 0.12090331306795062 0.14952983415618065
0 0.3225215868464869 0.4570189450978475 0.18301382299274813 0.31017769984750015
0 0.3927335411469319 0.5905412663362503 0.09850177419282113 0.15447125408406243
0 0.4784184840748374 0.6206301162600004 0.10855101633493831 0.18592127583555573
0 0.5472370663732102 0.8415251509292713 0.11127360194308018 0.14384287860909736
0 0.5313872803935649 0.7358018277910073 0.09028901385373889 0.14569566612815982
0 0.5867447144301302 0.7011917448690976 0.1232663337461151 0.16675370174736132
0 0.5946213728261324 0.5687065531897227 0.1814470148871962 0.24302656743868062
0 0.5737544470617346 0.4222854948690976 0.11607241790651486 0.17985311379145835
0 0.643272888541898 0.507406683698681 0.06781254631872749 0.11551720364722229
0 0.69640219664745 0.575757946616459 0.07250435442427942 0.18274107123840294
0 0.5604024607105857 0.16912412727791712 0.1551799214211716 0.3157730832062501
0 0.6906315779551468 0.4015937480032298 0.16427232340703277 0.15912369291364606
0 0.7502483647633615 0.20710017201517425 0.1264021040099948 0.3346133489738195
0 0.9398801373035528 0.12187510609510495 0.12023972539289432 0.1996753045209029
0 0.7937568095487848 0.9648689558071964 0.05482024069437515 0.07026208838560706
0 0.9091442150493027 0.9441487901297746 0.0576755669968918 0.11170241974045077