0 0.23971701054614508 0.9086824672979107 0.13862935495774317 0.150791435351681
0 0.20159810828569363 0.9692659786362288 0.10988479948690974 0.05673235268140857
0 0.6269494792953466 0.6472149719128222 0.05643445079743081 0.14280566534054523
0 0.7297244147064577 0.8959513692314138 0.09037434612402784 0.19162497334499945
0 0.7698422280610757 0.8165996765595505 0.07091517809600703 0.16093804734245437
0 0.8746933822213883 0.8083502772120056 0.11128560495774309 0.15047326201463562
0 0.3278606287060065 0.5108893099538657 0.037156467514930645 0.08634658000477255
0 0.3718827324294787 0.5322461419478206 0.06415472539871532 0.07182100334181776
0 0.4073468005337495 0.5857251306095026 0.043679224448784734 0.09813805533895419
0 0.3820370227983328 0.6328819412794571 0.03777341014423623 0.04573976133831792
0 0.6424524184092706 0.38382463391154953 0.022239329122187533 0.04946419800286348
0 0.6902891999444094 0.442626921904868 0.0541257619678472 0.07717157467377245
0 0.765017096220937 0.4198883085614594 0.061683688829583264 0.06632498134149963
0 0.7746784644777078 0.6423718358927777 0.06995143692972228 0.11953179734245403
0 0.7959735426499648 0.5663633192234595 0.1013826216752431 0.09412326468013568
0 0.8084930328663191 0.49826729988864144 0.04175304853697916 0.082494874005409
0 0.9119823619885065 0.44785767254141484 0.08586607123840295 0.06504429201145392
0 0.9044231287060065 0.5041803978755967 0.07452918094579886 0.08131418200986325