0 0.9734691793479495 0.9500104425305821 0.05306164130410096 0.09997911493883578
0 0.6756722550637775 0.996726672319523 0.10287202885594056 0.0065466553609539345
0 0.4609797832867458 0.9186127176606818 0.08220735399101678 0.0986665513340526
0 0.38425110297952647 0.8428480777920185 0.04040179990733277 0.10739309814554901
0 0.2844048704027216 0.8196794934412793 0.05665179328391083 0.05911605042954129
0 0.19441976586355064 0.9225787641334943 0.06520090326537735 0.08061923620519025
0 0.06421138837407094 0.588230340343633 0.034694947730414524 0.055625880257724705
0 0.02758935289470844 0.4997510165083433 0.021086315516429387 0.045554839439121864
0 0.03280264255042218 0.47039106512886236 0.034613102176918244 0.0532821302577247
0 0.056193013331661934 0.42560750961093846 0.05252728847458739 0.05266133254171699
0 0.09886909745241282 0.37481629353213636 0.034094747004775106 0.038438380257724794
0 0.12739589073632365 0.4324583751693421 0.034094747004775085 0.038438380257724704
0 0.6489038469042587 0.6056158299397252 0.04150050843752062 0.09419373530067894
0 0.6259028565229056 0.6168875226127788 0.023621038474587408 0.05114642017181659
0 0.646520402169069 0.51503177351729 0.03960070253973793 0.06212154172311415
0 0.631679108252186 0.3356751441640764 0.041207842558271326 0.041150622455808694
0 0.5721404171451935 0.3278759322691458 0.033958337748947895 0.034532130257724794
0 0.592879503080043 0.31882515886339746 0.034412205534962936 0.02519807383528967
0 0.4710218612474109 0.29060390434084166 0.028571433302444226 0.03658927521477064
0 0.40924854754508005 0.28580686171321645 0.027926592558271325 0.040454581637205764