0 0.28671875 0.8265625 0.14453125 0.340625
0 0.47265625 0.6171875 0.128125 0.265625
0 0.44375 0.25 0.09453125 0.1921875
0 0.5734375 0.31015625 0.1453125 0.18203125
0 0.728125 0.41796875 0.140625 0.18046875
0 0.6078125 0.0703125 0.1328125 0.13671875
0 0.72265625 0.09296875 0.06640625 0.10234375
0 0.93359375 0.1 0.07421875 0.12734375
0 0.67265625 0.24375 0.0703125 0.146875
0 0.80703125 0.19765625 0.13828125 0.15234375
0 0.8265625 0.12421875 0.1234375 0.08671875
0 0.88828125 0.278125 0.10859375 0.13828125
0 0.92421875 0.4046875 0.1015625 0.1640625
0 0.971875 0.55 0.05 0.18515625
0 0.940625 0.2203125 0.0546875 0.190625