0 0.7094068452767337 0.8446678194479681 0.15982024703049902 0.31066436110406387
0 0.5225302855641729 0.6439037806832595 0.14159543276559194 0.2804435281746205
0 0.5640922775801072 0.2638952871090501 0.10345292359439177 0.20319793726214944
0 0.42789871331519985 0.3209199254363324 0.15628240690134448 0.19520636513275882
0 0.26371052969167813 0.42608097482831014 0.1507454607414104 0.1926397806460784
0 0.39974393573509276 0.07886241802195862 0.1411371285298145 0.13060269566510646
0 0.27897679466886594 0.08958505931499047 0.07181882719703099 0.10827009783255323
0 0.060022206189063884 0.08770292984777565 0.08040421700961656 0.1351509328135252
0 0.3267741340065978 0.24796790368750257 0.07708900039571134 0.1553042653230392
0 0.1883170392585896 0.19461345752810452 0.14756062476889076 0.16363803015178685
0 0.170232280483101 0.11722328657757745 0.13073918613080418 0.09506444368794012
0 0.10150970955427616 0.2747691897336074 0.11746394780928666 0.1483658572240934
0 0.060994706651282295 0.4037417653230392 0.11040160556856089 0.1738287722431215
0 0.018362240433088556 0.5533624219391102 0.03672448086617711 0.19422484387822045
0 0.04935382765924939 0.2124164283649009 0.06200120948776916 0.19994826186299805