0 0.5399790153166826 0.12014949863742179 0.22394821936663475 0.24029899727484358
0 0.7274051952975926 0.2547814765675046 0.1297538713796797 0.34286984735040826
0 0.5908949832909111 0.30558200258595825 0.0777902873567717 0.17353804467695405
0 0.4389955812778662 0.40343025127309373 0.11012262404517976 0.33404883068109026
0 0.5387132232654576 0.4936638052594125 0.0859118700270443 0.20019145134468133
0 0.6642041192711847 0.45002179857577695 0.13858233668840825 0.16174711668522654
0 0.6429820052514583 0.595561565245095 0.05492495202099903 0.1553056653405452
0 0.5973791512571853 0.5539104145846856 0.05238120735199914 0.1380908933402271
0 0.0359375 0.19453125 0.071875 0.3890625
0 0.15864227323364094 0.7324295973106374 0.1009192520289532 0.21442667401336307
0 0.05504620058882176 0.572719337324955 0.07907152402927138 0.21651588534372673
0 0.05611254531350092 0.3719835406588185 0.11222509062700184 0.16228291868236297
0 0.2542365839035953 0.7071017859643652 0.11273745202099902 0.15597837468172654
0 0.35751667258118575 0.6254421586171386 0.05456132535009015 0.12405566534054521
0 0.4340888105904126 0.5565916139401846 0.1093124600174992 0.1301607620146356
0 0.44445305124127693 0.6728615039385938 0.10264483668840807 0.16132894601368122
0 0.4880014145449147 0.8910751545990031 0.11730677335295354 0.145876668682363
0 0.4890650225573232 0.7996689045990031 0.08174144334818116 0.11031133867759024
0 0.5311439818985046 0.7413745992600489 0.09715790535486271 0.15970281134627218
0 0.2019633698679606 0.9701744979710469 0.12407384667409058 0.05612382535009033
0 0.3878917792011879 0.9687921692791388 0.09358691534054513 0.05420678934595387
0 0.9720951512174144 0.842479281866688 0.03741018801718106 0.12698067067154498
0 0.8521360925366424 0.9477673132161417 0.05254429201145392 0.08497498400699968