0 0.2453125 0.8671875 0.12421875 0.13671875
0 0.21171875 0.946875 0.1 0.1
0 0.59453125 0.63125 0.0484375 0.13046875
0 0.69453125 0.8625 0.07890625 0.17890625
0 0.7296875 0.78828125 0.06171875 0.146875
0 0.825 0.78125 0.09921875 0.13671875
0 0.31796875 0.50390625 0.0328125 0.07890625
0 0.35859375 0.5234375 0.0578125 0.06484375
0 0.3921875 0.57265625 0.03828125 0.08984375
0 0.36953125 0.615625 0.03359375 0.04140625
0 0.60390625 0.38984375 0.01953125 0.0453125
0 0.6484375 0.44453125 0.04765625 0.0703125
0 0.71640625 0.42421875 0.0546875 0.06015625
0 0.73046875 0.62890625 0.06171875 0.10859375
0 0.7484375 0.55859375 0.09140625 0.08515625
0 0.75859375 0.496875 0.03671875 0.07578125
0 0.8515625 0.4515625 0.07734375 0.05859375
0 0.84609375 0.503125 0.06640625 0.0734375
0 0.93984375 0.628125 0.04375 0.08359375