0 0.7600991946765232 0.11085333650124503 0.12978961216700924 0.14033314647650313
0 0.7904140943725121 0.040430979810391586 0.10407468775644091 0.08086195962078317
0 0.42046232760377916 0.35617081433141423 0.05375369418223173 0.13187813730530315
0 0.31103961216700926 0.12783051715526583 0.08619612106425781 0.18120218738444543
0 0.2789075444862429 0.20307220955427616 0.06770344764227279 0.14867083221159588
0 0.1838815459691176 0.21287677005825972 0.10478961216700924 0.1396057207705403
0 0.7022455212917194 0.47624866745919975 0.036027683307816714 0.07986099623907635
0 0.6607928503411922 0.4571182342313894 0.060454680342067316 0.06652592194503928
0 0.6251935899610689 0.40887696252377703 0.04194210228117754 0.09095762061225568
0 0.6460989975657231 0.36524898297774816 0.035280925399151286 0.0423837282923877
0 0.4209238785158127 0.5978498489711503 0.02137759288963732 0.045880801332783605
0 0.37419611714710616 0.5452393260098967 0.050521264828747636 0.0716991552519918
0 0.3070232045995361 0.5667482646479833 0.05713867935348409 0.06174749373179385
0 0.2846203280980708 0.3624699416075875 0.06614360623551026 0.1103895822115959
0 0.2695165929268184 0.43330527883374836 0.09487610129259431 0.0878159002374268
0 0.2618751892764969 0.49531954552679575 0.03980659931542796 0.07684965650563295
0 0.1707527821661342 0.5433371598708453 0.07973126235728967 0.060844223277822705
0 0.17412052129171932 0.49161553549766596 0.06939859882113639 0.07536972453146404
0 0.07527716159616797 0.3693433818950268 0.047156184296399936 0.08486674498543509