0 0.21299457547394743 0.35296877649368785 0.10129713440806878 0.11507441769334772
0 0.0652635126108846 0.5974032788559406 0.08449708622731437 0.2065253077118811
0 0.0774939547102205 0.9259833829627914 0.07484595037150352 0.14803323407441732
0 0.16035984284234295 0.629583350995792 0.22770127667402046 0.19982641832631992
0 0.35240825578645907 0.7337872452754947 0.15544313296032675 0.1723437698702659
0 0.3003255632728384 0.5533532116102305 0.08184081306795062 0.14949405771188112
0 0.33153690611969056 0.23543159082899087 0.09203129631872757 0.1170907854793625
0 0.3582386089723934 0.4235590734057957 0.08656254631872758 0.11689981252120454
0 0.28578129631872756 0.12385668456838864 0.08270980024766902 0.10116568511654278
0 0.4065005188161376 0.23726939854087195 0.05772691687305738 0.0839136977304145
0 0.40519907630251695 0.0586086852013608 0.03536176530148101 0.08937252404661714
0 0.4839597770883052 0.05823915216906902 0.05091183664159917 0.05481647477225653
0 0.6249596519813522 0.8080432339275673 0.15043030128112633 0.1986880150609423
0 0.532401816787495 0.6963939165970393 0.07139561869230313 0.17642857994439964
0 0.416472794042416 0.484871084838541 0.13191358767505648 0.15280259618646852
0 0.4598567669541108 0.44504718220613587 0.10017128205070396 0.12439485399101677
0 0.5602719898658055 0.4072148547088069 0.06926588440806895 0.11395586179556502
0 0.5634954973094036 0.5266642591553107 0.05862379094204399 0.1869022884745874
0 0.5136624712545557 0.5787426251272271 0.12388060980096291 0.11430309137714509
0 0.6573825461093306 0.6835987946346732 0.09772052419282104 0.15550844473518968
0 0.8584335856036326 0.9205351440268302 0.16123936869230313 0.1589297119463396
0 0.9958135376322751 0.9634623655085802 0.00837292473544977 0.0730752689828396
0 0.8160961124870502 0.574484233379413 0.12898764081820957 0.14022075063297218
0 0.6842489530575907 0.6073190368301249 0.05669310980096291 0.11195685217691817
0 0.749150515092084 0.6610640849233591 0.11276548138875012 0.1770932680561673
0 0.8297370432138464 0.8003746107840748 0.12439003205070413 0.1252405913771451
0 0.7920570291552199 0.2593131011654279 0.06837762655018587 0.1451240162420689
0 0.37625428494618807 0.023278820410570826 0.036883569892376136 0.02156746515360969