0 0.5296875 0.8703125 0.209375 0.25390625
0 0.70859375 0.7265625 0.11953125 0.32421875
0 0.5796875 0.6796875 0.071875 0.1640625
0 0.4375 0.5890625 0.10078125 0.315625
0 0.53203125 0.50234375 0.0796875 0.1890625
0 0.65078125 0.5421875 0.1296875 0.1515625
0 0.6328125 0.40390625 0.05 0.146875
0 0.58828125 0.44453125 0.04765625 0.13046875
0 0.0421875 0.80078125 0.084375 0.3859375
0 0.17421875 0.28046875 0.09296875 0.20234375
0 0.07421875 0.4328125 0.07265625 0.20390625
0 0.06328125 0.6234375 0.1265625 0.15390625
0 0.26484375 0.30234375 0.1046875 0.146875
0 0.3625 0.3796875 0.05 0.1171875
0 0.434375 0.44375 0.10234375 0.121875
0 0.4453125 0.3328125 0.09609375 0.15234375
0 0.4890625 0.12578125 0.109375 0.13671875
0 0.4890625 0.2125 0.07578125 0.10390625
0 0.528125 0.2671875 0.090625 0.15
0 0.21953125 0.040625 0.11796875 0.08046875
0 0.39375 0.0390625 0.0875 0.078125
0 0.9625 0.1671875 0.0625 0.1203125
0 0.8359375 0.05546875 0.0484375 0.10625