0 0.6685232756690559 0.8437717615387662 0.16587614201636977 0.31245647692246764
0 0.4898980659218319 0.6405520073983976 0.1454574214150119 0.27873819198043537
0 0.5392384831529723 0.26728110737016275 0.10637058796878378 0.20169057359281872
0 0.4039726905253471 0.3213099127588915 0.15818207146044044 0.19458299985882563
0 0.23964683966626454 0.42144787869919875 0.15259049072774591 0.19192073144297428
0 0.3804001509499397 0.08327929174043895 0.14232469810012063 0.12979245776545087
0 0.26247566655377186 0.09051639711505027 0.07341424581612851 0.10786497888272543
0 0.047222480778123146 0.08581567363517102 0.08257788387576939 0.13410125519108468
0 0.30597228177349134 0.2474258207502213 0.07895491689245623 0.15414073940606912
0 0.1709288964273839 0.19254235772309855 0.14877277193541033 0.16365922355046642
0 0.15454697987361202 0.11635928932136452 0.13040787426483097 0.09560717356458386
0 0.08381732078307194 0.2697503288544906 0.11834828753924254 0.1478676235787013
0 0.04833848414215457 0.3965179552052021 0.09667696828430913 0.17323934990117795
0 0.007019665027663045 0.5432795631400622 0.01403933005532609 0.1912466262801244
0 0.03298183910043763 0.20801689732681178 0.06566370081365411 0.19776193678935067