0 0.9549080369022901 0.038487422264767104 0.07676616830291216 0.07697484452953421
0 0.4568499685005561 0.05939609565915832 0.08023280254613141 0.0937743334462281
0 0.3825787396178306 0.13104976763999715 0.040199336746998424 0.10180151741285455
0 0.28782768173944034 0.15315049694778227 0.05548343152767874 0.0566494696968467
0 0.2047260263789464 0.05547431479017813 0.06365224729857691 0.07654921189493058
0 0.07411597930624844 0.37230768995952024 0.03420767100433508 0.052418993102595034
0 0.027105200437640448 0.4573311431480235 0.04151964206513993 0.04423467887824373
0 0.03879385835838309 0.4839788523294207 0.03958541574266324 0.05114309814554918
0 0.06280821103157132 0.5263367706922149 0.05121316048099141 0.05019475180902226
0 0.10203804002723622 0.5749070675037116 0.03247086575678067 0.03597179952503016
0 0.1309134689240791 0.5204309294440707 0.03247086575678067 0.03597179952503016
0 0.6280754372128736 0.35573774988845835 0.041033794653623445 0.0893834045679843
0 0.6068829766754125 0.3451654200602749 0.023869410480991428 0.04876172659425162
0 0.6238058951900861 0.44241555631089347 0.038477942051022396 0.05887371099041942
0 0.6061193242986904 0.6123562420865423 0.040465376280124234 0.03950623530067894
0 0.5496418111445107 0.6192104296712133 0.03307010523343692 0.032887743102595124
0 0.5686270295744797 0.6275618402320914 0.03252407366340595 0.023512743102595123
0 0.4525547085419097 0.6546742961341281 0.027737863125944708 0.03494488805964089
0 0.3946512032802379 0.6592666208739291 0.02718412628012441 0.0388101944820761