0 0.6650386636317689 0.20856314136739398 0.21026887641824352 0.30743179250907654
0 0.47253291488541027 0.21166960083548383 0.25024667022917946 0.3941160504177419
0 0.2318133235026143 0.33952405091203347 0.28645930337784764 0.3245821418245045
0 0.18833714199066362 0.6240290434976596 0.28027148785929906 0.2728286408359214
0 0.34728389614729877 0.5108326596190016 0.2561724098043383 0.32959063539871386
0 0.9073839733443296 0.42806119376230223 0.16708351458147633 0.19096453410611947
0 0.7465875626820616 0.5779444941428631 0.18212715604341465 0.359347119581383
0 0.589496476709542 0.6004840445234239 0.18881742524374445 0.347914871064258
0 0.7009123836773934 0.884260819732295 0.23784464396922084 0.15561196593106175
0 0.42540992999561206 0.8096786779077905 0.19170909303214856 0.28638712205284095
0 0.6143875134608491 0.7665374674511173 0.18694372202418136 0.09579395555093821