0 0.3625695940732193 0.7988797899876043 0.20289810719066068 0.2832885447372572
0 0.5427484170039978 0.8053090151019793 0.24431872455808676 0.38938196979604134
0 0.7561038308442363 0.6699268271254173 0.27464695443169873 0.29744327013597244
0 0.7749545708946137 0.4042842965402089 0.26824314620024126 0.24969610115802113
0 0.6354970024863908 0.5126208605604172 0.24606825305221774 0.3030204696991321
0 0.11327119968200035 0.5980030485369793 0.17307008706427268 0.1756935970739585
0 0.25878069425493344 0.4562545724726738 0.1773525525772479 0.33185267809600705
0 0.4034414190401628 0.43231119224805586 0.18381059249133963 0.32107883225631967
0 0.27812940128862396 0.17033590947864605 0.22587418249628843 0.14102896276527796
0 0.5398348631835546 0.23572974581902822 0.1855092113291036 0.2641566850298613
0 0.3672914778374471 0.27853157560680586 0.17617407564431192 0.08603168502986129